"Polling Station",,"Total No of Electors",,,,"Voters Turnout",,,,,,"Candidate ID and Name",,,,,,,,,,,,
"Part No","Part Name",Male,Female,Other,"Total No. of electors",Male,Female,Other,Total,"No of voters identifying using EPIC","Tendered Voter","1 - VIPNESH","2 - RAVI PRAKASH VERMA","3 - RAMGOPAL MISHRA","4 - AJAY KUMAR","6 - ARVIND GIRI","7 - ZAFAR ALI NAQVI","10 - DINESH KUMAR","11 - KRISHNA ADHIKARI","12 - ASHRAF ALI","14 - ASHOK","16 - RAMESHWARI","17 - None of the Above","Total Votes Secured"
1,NPYT.MAILANI,674,617,1,1292,415,336,0,751,749,0,6,109,2,352,99,171,0,1,0,2,2,7,751
2,"NPYT MAILANI",644,502,0,1146,393,274,0,667,667,0,5,138,2,259,155,93,2,0,2,2,1,8,667
3,"NPYT MAILANI",859,596,0,1455,385,266,0,651,623,0,10,141,0,220,146,125,0,0,1,1,2,5,651
4,"NPYT MAILANI",937,743,0,1680,546,409,0,955,942,0,10,123,3,400,155,240,1,2,3,1,4,13,955
5,"NPYT MAILANI",568,475,0,1043,308,251,0,559,559,0,6,83,3,164,147,142,1,1,1,3,2,6,559
6,"NPYT MAILANI",519,454,0,973,249,217,0,466,466,0,2,61,0,190,79,128,0,2,1,1,0,2,466
7,"NPYT MAILANI",605,491,0,1096,441,327,0,768,640,0,8,79,2,234,378,45,0,3,1,0,1,17,768
8,"NPYT MAILANI",787,615,0,1402,421,335,0,756,755,0,12,68,2,195,270,171,2,1,4,1,4,26,756
9,MAHESHAPUR,821,717,0,1538,590,539,0,1129,900,0,30,78,4,246,427,306,4,1,6,14,5,8,1129
10,PADHRIYATILKAPUR,688,605,0,1293,660,317,0,977,977,0,15,246,3,493,168,27,5,2,3,4,1,10,977
11,PADHRIYATILKAPUR,529,465,0,994,376,311,0,687,687,0,6,189,0,221,199,51,3,4,3,1,3,7,687
12,TIRKAULIYA,301,291,0,592,269,258,0,527,527,0,3,82,0,77,354,6,0,0,2,2,0,1,527
13,"GAURIYA M BAHADRANAGAR",469,419,0,888,379,304,0,683,683,0,15,132,3,269,215,16,3,2,0,1,5,22,683
14,"BAHADUR NAGAR",323,303,0,626,256,254,0,510,509,0,5,44,1,44,386,17,1,2,0,2,6,2,510
15,"RAJWAPUR M0 SONPIPAR",636,559,0,1195,491,454,0,945,940,0,10,177,0,164,563,19,1,0,3,3,2,3,945
16,SONAKHURAD,546,475,0,1021,465,369,0,834,830,0,9,281,2,195,286,38,3,2,1,2,1,14,834
17,DIMRAUL,584,508,0,1092,471,419,0,890,890,0,4,201,5,195,387,71,7,2,2,1,3,12,890
18,"इटकुटी",521,454,0,975,309,307,0,616,612,0,15,96,6,209,218,46,4,0,4,0,4,14,616
19,ITKUTI,471,406,0,877,243,222,0,465,461,0,6,132,1,155,127,23,4,0,4,0,1,12,465
20,BAJHEDHA,312,270,0,582,260,223,0,483,483,0,3,347,1,24,70,32,1,1,0,0,1,3,483
21,"SHANKARPUR M0 BIJUA",617,561,0,1178,499,397,0,896,870,0,10,135,5,237,437,32,11,4,4,1,4,16,896
22,"REVATIPUR M0 BIJUA",652,565,0,1217,424,338,0,762,762,0,13,182,4,157,334,39,6,3,3,1,6,14,762
23,BIJUA,747,660,0,1407,552,432,0,984,984,0,10,265,1,473,157,44,5,2,3,7,7,10,984
24,BIJUA,656,619,0,1275,466,416,0,882,872,0,3,170,2,279,332,68,5,1,0,3,4,15,882
25,BIJUA,803,709,1,1513,603,487,1,1091,1091,0,26,105,2,89,436,413,1,2,0,1,3,13,1091
26,"RAINAGANJ M0 RAMESH‍VARPUR",518,454,0,972,349,338,0,687,687,0,3,48,1,15,583,21,3,1,0,1,4,7,687
27,"DAM‍BAL TANDA M0 RAMESH‍VRAPUR",329,296,0,625,237,231,0,468,468,0,2,139,1,133,156,21,6,1,0,0,2,7,468
28,"RAMNAGAR KALAN",555,499,0,1054,441,364,0,805,758,0,14,195,1,231,298,61,0,2,0,0,1,2,805
29,"RAMNAGAR KALAN",719,646,0,1365,502,430,0,932,912,0,15,247,2,213,373,50,5,2,4,1,6,14,932
30,TIKHDHA,461,413,0,874,369,297,0,666,649,0,8,27,2,105,495,7,2,2,4,1,4,9,666
31,TIKHDHA,460,405,0,865,347,253,0,600,600,0,4,92,1,58,417,13,1,3,1,2,1,7,600
32,DARIYABAD,605,539,0,1144,413,265,0,678,556,0,8,29,0,168,414,23,4,2,1,1,6,22,678
33,DARIYABAD,607,560,0,1167,356,337,0,693,585,0,6,36,3,250,335,40,3,1,4,0,2,13,693
34,"CHAN‍DPURA",325,295,0,620,241,209,0,450,450,0,9,101,1,187,133,13,3,1,0,0,1,1,450
35,"RADHA M0 DEVRIYARDHA",500,416,0,916,345,296,0,641,641,0,11,81,0,99,378,51,0,1,3,3,2,12,641
36,"RADHA M0 DEVRIYARDHA",497,439,0,936,396,337,0,733,732,0,26,64,2,136,224,248,3,5,2,4,3,16,733
37,"DEVRIYA M0 DEVRIYARDHA",385,339,0,724,334,297,0,631,621,0,5,257,1,186,168,6,1,0,0,1,3,3,631
38,BELHASIKTIHA,727,647,0,1374,529,471,0,1000,1000,0,14,109,5,450,365,11,5,3,9,3,7,19,1000
39,FUTHA,490,413,0,903,397,306,0,703,703,0,5,170,0,173,315,19,4,1,2,2,6,6,703
40,KARSAUR,369,339,0,708,278,237,0,515,515,0,6,91,2,126,247,19,1,1,3,0,5,14,515
41,KARSAUR,520,417,0,937,374,287,0,661,661,0,6,198,1,98,343,11,1,0,0,1,0,2,661
42,"RURASUL‍TANPUR",710,651,0,1361,539,488,0,1027,1027,0,8,69,5,482,421,16,5,1,1,1,5,13,1027
43,GUJARA,652,584,0,1236,437,353,0,790,790,0,7,24,1,233,476,23,7,1,1,0,3,14,790
44,"PUJAGANV M0 ASHADHI",604,539,0,1143,403,374,0,777,777,0,6,88,1,382,280,6,7,1,1,2,1,2,777
45,"PUJAGANV M0 ASHADHI",513,477,0,990,312,252,0,564,564,0,5,104,0,303,127,14,2,2,2,1,0,4,564
46,DAUDPUR,720,615,0,1335,493,426,0,919,918,0,29,116,2,276,198,266,1,1,4,1,7,18,919
47,DAUDPUR,600,566,0,1166,421,375,0,796,793,0,8,47,5,134,421,129,27,0,0,7,7,11,796
48,LAKHAHABHUD,536,474,0,1010,419,345,0,764,750,0,7,48,2,285,371,31,5,2,0,0,4,9,764
49,LAKHAHAALIGANJ,442,390,0,832,338,292,0,630,630,0,19,40,3,229,70,245,3,1,3,3,4,10,630
50,JODHAPUR,773,670,0,1443,573,437,0,1010,1005,0,9,37,3,536,192,207,2,1,4,1,2,16,1010
51,RUDRAPUR,243,222,0,465,193,170,0,363,363,0,1,10,2,96,236,5,1,1,0,0,1,10,363
52,MALAPUR,460,408,0,868,335,251,0,586,581,0,6,55,2,340,159,13,0,0,1,0,1,9,586
53,MALAPUR,485,446,0,931,297,269,0,566,566,0,2,32,0,269,250,9,1,1,0,0,0,2,566
54,SONARIPUR,590,533,0,1123,432,358,0,790,778,0,11,258,0,61,324,122,5,1,2,2,1,3,790
55,MALUKAPUR,519,491,0,1010,399,322,0,721,720,0,13,253,1,199,166,73,2,2,2,1,2,7,721
56,"PIPARIYA DHNI",596,524,0,1120,468,370,0,838,820,0,6,122,0,406,285,7,1,2,2,0,0,7,838
57,RAYAPUR,573,535,0,1108,391,360,0,751,751,0,6,81,3,179,341,118,4,0,2,3,4,10,751
58,"IBRAHIMPUR .M. RAYAPUR",404,391,0,795,342,323,0,665,665,0,15,230,3,6,83,313,2,0,0,3,2,8,665
59,PAHADAPUR,697,633,0,1330,524,407,0,931,931,0,17,68,2,274,382,169,2,0,3,0,5,9,931
60,CHAUKHADIYA,232,215,0,447,199,172,0,371,371,0,3,124,0,90,142,7,0,0,0,0,0,5,371
61,BELAVAMALUKAPUR,445,378,0,823,301,236,0,537,537,0,9,58,0,139,251,63,2,0,4,1,1,9,537
62,BELAVAMALUKAPUR,396,372,0,768,295,230,0,525,517,0,5,45,4,268,155,29,1,1,0,0,2,15,525
63,PADARIYATULA,446,394,0,840,370,306,0,676,676,0,6,77,2,285,230,43,1,1,5,1,4,21,676
64,PADARIYATULA,536,483,0,1019,409,370,0,779,779,0,4,73,3,433,212,34,1,1,4,3,2,9,779
65,MUDIYAHEMASINGH,410,391,0,801,350,315,0,665,665,0,6,182,1,269,105,88,2,3,2,4,1,2,665
66,MUDIYAHEMASINGH,486,424,0,910,415,346,0,761,743,0,7,107,7,160,403,48,2,0,3,3,3,18,761
67,GONDHIA,788,693,0,1481,541,471,0,1012,1012,0,11,266,3,303,272,134,2,0,2,7,3,9,1012
68,RUDRAPUR,626,569,0,1195,503,399,0,902,902,0,10,222,3,182,436,22,5,6,1,3,3,9,902
69,GULARIYA,419,372,0,791,317,264,0,581,581,0,15,100,0,311,82,51,1,2,0,2,5,12,581
70,GULARIYA,451,406,0,857,345,274,0,619,619,0,20,113,1,224,123,125,4,0,0,3,1,5,619
71,"NAUSAR JOGI",517,462,0,979,418,357,0,775,775,0,35,193,0,183,198,137,6,6,4,3,3,7,775
72,"NAUSAR JOGI",444,386,0,830,346,263,0,609,609,0,7,190,1,162,194,47,1,2,0,1,1,3,609
73,BASTAULI,521,456,0,977,411,330,0,741,741,0,13,74,2,317,253,46,7,0,2,5,4,18,741
74,BASTAULI,439,414,0,853,316,280,0,596,596,0,4,72,1,134,250,110,5,2,1,3,5,9,596
75,GADIYANA,433,389,0,822,364,288,0,652,652,0,3,11,0,190,421,25,0,0,0,1,0,1,652
76,RAJGADH,486,460,0,946,390,300,0,690,690,0,10,19,2,169,454,8,3,1,2,6,7,9,690
77,MUDABUJURG,550,503,0,1053,454,402,0,856,856,0,12,35,2,340,360,86,2,5,2,6,2,4,856
78,RAMALAKSHANA,733,639,0,1372,619,525,0,1144,1143,0,7,69,2,349,640,45,3,2,3,10,5,9,1144
79,AMBARA,719,610,0,1329,533,458,0,991,964,0,14,350,1,343,196,52,6,8,4,2,4,11,991
80,AMBARA,660,578,0,1238,448,341,0,789,789,0,2,33,8,164,541,15,3,1,1,2,5,14,789
81,GOVINDAPUR,595,468,0,1063,361,235,0,596,540,0,4,128,3,122,303,9,8,1,2,2,5,9,596
82,GOVINDAPUR,767,560,0,1327,460,320,0,780,769,0,4,110,1,283,364,6,6,0,1,0,2,3,780
83,"SENPUR .M. GOGANVA",682,592,0,1274,528,413,0,941,940,0,4,165,1,309,421,15,1,3,4,0,5,13,941
84,GOGANVA,772,639,0,1411,572,465,0,1037,1037,0,7,240,4,366,384,13,7,1,1,1,3,10,1037
85,"DEVARIYA ALIGANJ",335,313,0,648,306,284,0,590,590,0,8,57,1,25,412,80,0,3,0,1,1,2,590
86,PIPARIYAGANGA,391,337,0,728,276,264,0,540,539,0,4,174,3,150,182,13,0,0,0,0,2,12,540
87,LAKHARANVA,518,440,0,958,356,306,0,662,651,0,14,197,3,127,241,72,2,2,2,0,0,2,662
88,LAKHARANVA,595,522,0,1117,413,345,0,758,758,0,14,241,1,87,310,91,1,0,1,3,1,8,758
89,BAIBAHAMUNNUSINGH,451,395,0,846,374,294,0,668,668,0,5,99,0,264,275,14,2,2,2,0,1,4,668
90,PIPARAKHUDR,609,532,0,1141,449,341,0,790,789,0,8,98,1,178,411,67,4,1,0,2,8,12,790
91,ALIYAPUR,680,613,0,1293,519,395,0,914,910,0,17,254,4,222,300,92,4,5,3,2,6,5,914
92,DHAURAHARAKHUDR,292,278,0,570,235,205,0,440,440,0,4,45,0,74,300,10,2,2,1,2,0,0,440
93,RAMUAPUR,275,259,0,534,219,213,0,432,432,0,3,64,1,182,175,4,0,0,1,0,2,0,432
94,RASULPANAH,743,649,0,1392,570,449,0,1019,1019,0,18,138,2,259,368,211,3,2,5,2,4,7,1019
95,RASULPANAH,363,327,0,690,242,207,0,449,437,0,9,68,0,49,229,87,1,0,0,0,1,5,449
96,MUKARIMAPUR,271,234,0,505,235,212,0,447,435,0,3,19,2,122,251,44,0,1,1,0,2,2,447
97,GOPALAPUR,595,525,0,1120,468,359,0,827,799,0,5,251,0,244,268,46,3,3,2,0,4,1,827
98,GOPALAPUR,263,232,0,495,196,153,0,349,349,0,11,69,2,39,156,63,1,1,2,3,0,2,349
99,SANDA,341,299,0,640,288,205,0,493,487,0,9,157,1,38,163,117,3,1,1,0,1,2,493
100,ROHANIYA,186,180,0,366,172,169,0,341,323,0,3,104,1,59,160,6,2,0,0,0,1,5,341
101,TENDUA,537,507,0,1044,429,383,0,812,812,0,17,143,0,279,180,174,3,2,2,2,1,9,812
102,PACHATAUR,198,189,0,387,156,152,0,308,302,0,0,160,0,9,134,2,1,1,0,1,0,0,308
103,MUSTAFABAD,297,195,0,492,161,152,0,313,308,0,3,120,0,79,91,12,0,0,0,0,2,6,313
104,ALIGANJ,695,606,0,1301,530,476,0,1006,1006,0,6,163,1,245,480,81,9,1,3,4,2,11,1006
105,ALIGANJ,709,663,0,1372,475,427,0,902,849,0,8,120,5,230,391,130,6,3,1,2,2,4,902
106,ALIGANJ,248,191,0,439,150,124,0,274,274,0,3,12,1,29,180,45,0,0,0,1,1,2,274
107,ALIGANJ,783,675,0,1458,567,474,0,1041,1041,0,11,261,6,291,158,271,5,8,5,2,7,16,1041
108,ALIGANJ,145,141,0,286,105,92,0,197,197,0,0,32,0,40,96,27,1,0,1,0,0,0,197
109,BAGHAUDA,794,672,0,1466,553,451,0,1004,1004,0,8,204,5,198,536,30,2,3,2,1,1,14,1004
110,BANSI,567,487,0,1054,431,312,0,743,743,0,6,262,4,92,348,15,2,2,2,2,2,6,743
111,BANSI,358,304,0,662,264,217,0,481,481,0,4,91,1,140,183,52,1,0,1,2,1,5,481
112,ALIGANJ,386,356,0,742,280,220,0,500,500,0,10,174,0,136,112,67,1,0,0,0,0,0,500
113,SAHASAPUR,680,617,0,1297,485,375,0,860,840,0,8,123,0,259,315,125,9,2,7,0,2,10,860
114,SHIVAPURI,638,567,0,1205,371,338,0,709,709,0,17,161,0,172,210,124,5,0,7,1,2,10,709
115,BHADED,847,744,0,1591,575,481,0,1056,1054,0,15,129,2,341,388,159,3,1,0,2,3,13,1056
116,MUDAKHURD,685,536,0,1221,407,505,0,912,912,0,11,173,0,152,419,136,0,2,3,2,5,9,912
117,"MAOLVIGANJ M. MUDAKHURD",253,219,0,472,224,177,0,401,401,0,1,68,0,67,251,6,0,0,1,1,2,4,401
118,"HAMIDABAD M. RAHIMNAGAR GRANT",539,459,0,998,410,306,0,716,716,0,6,83,2,49,496,59,3,0,0,0,4,14,716
119,"HAMIDABAD M. RAHIMNAGAR GRANT",326,307,0,633,223,192,0,415,415,0,2,25,1,174,189,16,0,0,0,2,1,5,415
120,"PIPARHIYA M. FAJALNAGAR GRANT",536,479,0,1015,392,328,0,720,720,0,8,55,1,55,532,42,3,1,1,6,4,12,720
121,"PIPARHIYA M. FAJALNAGAR GRANT",552,462,0,1014,407,333,0,740,729,0,7,38,4,79,558,15,5,2,2,3,11,16,740
122,"PIPARHIYA M. FAJALNAGAR GRANT",799,708,0,1507,512,397,0,909,909,0,12,81,2,221,524,51,8,2,0,0,1,7,909
123,CHHAIRASI,419,380,0,799,369,308,0,677,674,0,8,84,2,25,492,51,4,0,1,0,4,6,677
124,"BANGALI CALONI M. BASLIPUR GRANT",622,579,0,1201,495,392,0,887,884,0,7,378,2,45,378,57,6,0,1,1,2,10,887
125,"BANGALI CALONI .M BASLIPUR GRANT",767,660,0,1427,542,501,0,1043,1043,0,5,453,3,133,358,68,8,1,4,2,3,5,1043
126,BHAITHIYA,811,699,0,1510,602,498,0,1100,1100,0,23,179,3,269,448,141,6,3,2,5,5,16,1100
127,BHAITHIYA,557,487,0,1044,444,356,0,800,800,0,24,139,1,218,205,199,1,0,3,1,4,5,800
128,TAJPUR,366,318,0,684,265,222,0,487,487,0,19,93,1,102,85,164,3,2,3,3,2,10,487
129,LAGUCHA,443,410,0,853,340,265,0,605,605,0,9,190,1,69,175,149,1,2,2,1,2,4,605
130,BHATAPURVA,538,536,0,1074,357,305,0,662,659,0,5,237,2,14,371,25,3,1,0,0,0,4,662
131,"BHVESAR M. CHANDAKUAN",248,213,0,461,174,141,0,315,315,0,5,47,1,95,135,24,1,1,1,1,1,3,315
132,BAHARGANJ,434,361,0,795,317,269,0,586,586,0,8,49,2,195,95,236,0,0,1,0,0,0,586
133,TIHULIYA,449,395,0,844,363,328,0,691,691,0,8,24,3,195,138,312,1,0,0,1,2,7,691
134,ADHAURA,333,266,0,599,250,203,0,453,453,0,13,62,2,104,26,230,0,0,5,3,2,6,453
135,VAJIRNAGAR,511,472,0,983,342,265,0,607,607,0,13,195,1,95,269,16,2,1,2,0,5,8,607
136,VAJIRNAGAR,426,356,0,782,242,171,0,413,413,0,15,98,2,51,144,96,0,1,1,2,1,2,413
137,VAJIRNAGAR,738,604,0,1342,486,306,0,792,792,0,13,214,2,166,250,123,4,2,3,2,2,11,792
138,JALALAPUR,591,504,0,1095,424,363,0,787,787,0,28,40,4,182,139,374,1,1,4,1,3,10,787
139,JALALAPUR,737,630,0,1367,537,405,0,942,942,0,24,112,2,275,254,250,5,1,2,1,4,12,942
140,JALALAPUR,565,504,0,1069,365,282,0,647,647,0,2,59,0,112,433,20,6,0,2,0,4,9,647
141,JALALAPUR,602,497,0,1099,364,220,0,584,584,0,40,38,1,64,193,232,2,1,5,1,2,5,584
142,"MADANPUR M. BHUDAVARA",478,444,0,922,349,251,0,600,600,0,5,105,4,133,318,18,0,2,1,0,5,9,600
143,"MADANPUR M. BHUDAVARA",596,465,0,1061,396,236,0,632,608,0,7,37,1,148,347,72,2,1,0,2,1,14,632
144,BHUDAVARA,774,657,0,1431,420,305,0,725,725,0,16,30,2,10,299,353,1,0,11,0,0,3,725
145,BHUDAVARA,813,672,0,1485,511,308,0,819,812,0,32,138,3,12,240,367,5,5,2,0,4,11,819
146,"KALICHARAN M. JAMAIYTAPUR",824,730,0,1554,650,540,0,1190,1190,0,7,145,11,261,657,56,5,6,1,4,16,21,1190
147,LALHAPUR,678,571,0,1249,463,337,0,800,800,0,4,34,2,246,467,26,3,3,4,2,5,4,800
148,LALHAPUR,814,661,0,1475,467,337,0,804,804,0,8,54,1,146,446,145,0,0,0,1,0,3,804
149,"LAXMADJATI M. LALHAPUR",677,594,0,1271,425,337,0,762,703,0,14,26,3,106,466,112,5,2,4,1,6,17,762
150,"LAXMADJATI M. LALHAPUR",595,533,0,1128,311,220,0,531,526,0,4,25,0,81,245,167,2,0,3,1,2,1,531
151,LALHAPUR,473,415,0,888,252,200,0,452,452,0,8,32,4,101,182,106,3,0,1,1,7,7,452
152,LALHAPUR,670,513,0,1183,329,234,0,563,550,0,5,35,1,165,221,128,2,0,1,0,1,4,563
153,"NPLK.GOLA GOKARNNATH",482,357,0,839,246,182,0,428,428,0,1,15,0,241,146,20,0,0,0,3,0,2,428
154,"NPLK.GOLA GOKARNNATH",536,288,0,824,181,101,0,282,280,0,2,23,0,160,74,15,0,0,1,7,0,0,282
155,"NPLK.GOLA GOKARNNATH",402,283,0,685,209,104,0,313,313,0,1,33,0,143,106,27,0,0,0,1,1,1,313
156,"NPLK.GOLA GOKARNNATH",701,376,1,1078,192,98,0,290,290,0,2,22,0,100,140,23,1,0,0,1,1,0,290
157,"NPLK.GOLA GOKARNNATH",677,560,0,1237,398,320,0,718,718,0,2,61,3,294,271,75,1,2,3,0,1,5,718
158,"NPLK.GOLA GOKARNNATH",812,640,0,1452,572,320,0,892,892,0,3,67,0,499,282,28,0,1,1,1,2,8,892
159,"NPLK.GOLA GOKARNNATH",510,477,0,987,293,247,0,540,540,0,4,37,0,191,237,62,0,3,0,1,2,3,540
160,"NPLK.GOLA GOKARNNATH",455,375,0,830,228,163,0,391,391,0,4,33,0,78,119,152,0,0,0,2,2,1,391
161,"NPLK.GOLA GOKARNNATH",682,609,0,1291,312,251,0,563,563,0,2,34,2,259,223,39,1,0,0,2,0,1,563
162,"NPLK.GOLA GOKARNNATH",500,420,0,920,303,202,0,505,502,0,3,24,1,207,213,46,0,1,1,0,1,8,505
163,"NPLK.GOLA GOKARNNATH",810,759,0,1569,427,345,0,772,772,0,6,42,0,393,291,29,0,0,1,0,4,6,772
164,"NPLK.GOLA GOKARNNATH",643,542,0,1185,374,281,0,655,615,0,3,19,0,280,336,14,0,1,0,0,0,2,655
165,"NPLK.GOLA GOKARNNATH",502,443,0,945,294,232,0,526,524,0,6,38,1,141,177,152,1,2,0,1,2,5,526
166,"NPLK.GOLA GOKARNNATH",435,346,0,781,286,192,0,478,478,0,5,70,0,74,175,148,0,1,0,2,0,3,478
167,"NPLK.GOLA GOKARNNATH",509,469,0,978,298,242,0,540,540,0,7,30,1,105,162,225,0,2,1,1,2,4,540
168,"NPLK.GOLA GOKARNNATH",367,336,0,703,218,160,0,378,378,0,2,43,0,50,115,165,0,0,0,1,1,1,378
169,"NPLK.GOLA GOKARNNATH",620,548,0,1168,332,292,0,624,624,0,8,64,0,281,173,95,0,0,0,1,0,2,624
170,"NPLK.GOLA GOKARNNATH",637,495,0,1132,301,257,0,558,553,0,3,63,0,286,135,62,1,0,1,2,0,5,558
171,"NPLK.GOLA GOKARNNATH",640,565,0,1205,350,267,0,617,601,0,1,41,0,265,259,36,4,1,0,0,4,6,617
172,"NPLK.GOLA GOKARNNATH",409,390,0,799,260,214,0,474,474,0,1,21,0,281,118,46,1,0,1,3,2,0,474
173,"NPLK.GOLA GOKARNNATH",432,396,0,828,257,230,0,487,475,0,1,45,2,291,129,10,0,0,0,1,1,7,487
174,"NPLK.GOLA GOKARNNATH",433,371,0,804,251,218,0,469,457,0,1,27,0,231,186,19,0,0,0,2,0,3,469
175,"NPLK.GOLA GOKARNNATH",423,372,0,795,200,181,0,381,381,0,1,27,0,191,157,3,0,0,0,1,1,0,381
176,"NPLK.GOLA GOKARNNATH",737,658,0,1395,442,357,0,799,778,0,4,53,1,407,280,36,0,0,0,2,4,12,799
177,"NPLK.GOLA GOKARNNATH",454,371,0,825,221,200,0,421,409,0,1,36,0,236,139,7,0,0,0,1,0,1,421
178,"NPLK.GOLA GOKARNNATH",544,487,0,1031,238,213,0,451,438,0,2,81,0,244,100,18,0,1,0,3,1,1,451
179,"NPLK.GOLA GOKARNNATH",393,392,0,785,185,160,0,345,327,0,1,32,0,136,166,7,0,0,0,0,1,2,345
180,"NPLK.GOLA GOKARNNATH",654,567,1,1222,362,278,0,640,629,0,4,69,0,296,236,28,1,1,1,3,1,0,640
181,"NPLK.GOLA GOKARNNATH",633,507,0,1140,352,272,0,624,537,0,1,104,0,314,178,16,0,4,1,0,1,5,624
182,"NPLK.GOLA GOKARNNATH",600,514,0,1114,269,226,0,495,495,0,4,36,0,216,208,28,0,0,0,1,0,2,495
183,"NPLK.GOLA GOKARNNATH",760,603,0,1363,482,333,0,815,815,0,13,36,0,281,245,231,1,0,1,1,2,4,815
184,"NPLK.GOLA GOKARNNATH",593,521,0,1114,371,291,0,662,642,0,6,70,1,320,202,58,0,1,0,0,0,4,662
185,"NPLK.GOLA GOKARNNATH",369,320,0,689,233,175,0,408,408,0,4,25,0,225,85,67,0,1,0,0,1,0,408
186,"NPLK.GOLA GOKARNNATH",831,764,0,1595,461,403,0,864,820,0,15,104,0,191,198,345,0,0,4,3,2,2,864
187,"NPLK.GOLA GOKARNNATH",499,427,0,926,310,251,0,561,561,0,7,75,2,198,133,141,0,0,1,3,0,1,561
188,"NPLK.GOLA GOKARNNATH",636,560,0,1196,361,300,0,661,600,0,4,61,0,181,308,101,1,0,1,0,1,3,661
189,"NPLK.GOLA GOKARNNATH",727,595,0,1322,337,254,0,591,591,0,1,93,0,147,215,133,0,1,0,0,0,1,591
190,"NPLK.GOLA GOKARNNATH",772,640,0,1412,398,298,0,696,582,0,11,104,0,281,122,168,1,0,3,2,1,3,696
191,"NPLK.GOLA GOKARNNATH",657,536,0,1193,238,210,0,448,421,0,4,94,0,207,101,39,1,1,0,1,0,0,448
192,"NPLK.GOLA GOKARNNATH",733,650,0,1383,414,361,0,775,770,0,13,145,0,266,139,203,0,1,0,3,2,3,775
193,"NPLK.GOLA GOKARNNATH",488,471,0,959,309,250,0,559,557,0,3,56,1,236,155,100,1,0,0,5,1,1,559
194,"NPLK.GOLA GOKARNNATH",462,420,0,882,274,250,0,524,524,0,2,39,0,308,151,18,1,0,0,1,0,4,524
195,"NPLK.GOLA GOKARNNATH",636,650,0,1286,386,335,0,721,721,0,4,65,0,270,204,168,0,1,0,3,2,4,721
196,"NPLK.GOLA GOKARNNATH",514,451,0,965,311,230,0,541,541,0,3,66,0,193,182,89,0,0,0,5,2,1,541
197,"NPLK.GOLA GOKARNNATH",466,406,0,872,290,201,0,491,460,0,12,45,0,189,155,86,0,1,0,0,0,3,491
198,"NPLK.GOLA GOKARNNATH",752,601,0,1353,395,314,0,709,696,0,20,126,1,194,151,200,2,1,3,1,3,7,709
199,"NPLK.GOLA GOKARNNATH",518,434,1,953,278,214,0,492,492,0,9,84,2,148,165,75,1,0,0,1,3,4,492
200,"PADARIYADHI .M.GOLADEHAT",414,321,0,735,295,207,0,502,476,0,3,66,0,246,155,26,0,0,0,0,1,5,502
201,"KODAHVA .M.GOLADEHAT",758,649,0,1407,483,350,0,833,826,0,17,115,3,186,414,77,6,2,3,1,3,6,833
202,"KODAHVA .M.GOLADEHAT",793,615,0,1408,427,274,0,701,701,0,9,65,0,325,198,93,2,0,0,1,1,7,701
203,"BHUSAURIYA .M.GOLADEHAT",804,635,0,1439,455,280,0,735,733,0,4,97,2,288,266,62,3,6,0,0,1,6,735
204,"BHUSAURIYA .M.GOLADEHAT",416,378,0,794,245,208,0,453,447,0,2,24,2,92,227,91,1,0,3,0,5,6,453
205,"BHUSAURIYA .M.GOLADEHAT",502,418,0,920,266,182,0,448,448,0,3,37,0,127,200,75,0,0,0,0,1,5,448
206,"BHUSAURIYA .M.GOLADEHAT",740,598,0,1338,302,255,0,557,554,0,11,31,0,140,160,204,1,1,2,1,2,4,557
207,"BHUSAURIYA .M.GOLADEHAT",688,516,0,1204,300,180,0,480,473,0,16,20,0,129,110,195,2,0,1,2,2,3,480
208,KANJA,459,421,0,880,317,295,0,612,606,0,5,92,0,242,250,9,1,2,0,2,3,6,612
209,CHHATAUNIYAN,416,399,0,815,275,252,0,527,497,0,4,394,1,51,48,20,0,1,2,0,3,3,527
210,CHHATAUNIYAN,455,374,0,829,272,224,0,496,472,0,6,387,1,33,47,20,0,0,0,0,2,0,496
211,"NAGARA SALEMAPUR",458,410,0,868,353,252,0,605,605,0,4,94,2,280,197,16,0,0,1,1,3,7,605
212,"DATELI M. NAGARA SALEMAPUR",423,374,0,797,334,240,0,574,555,0,12,46,1,307,84,113,1,1,1,1,2,5,574
213,"DATELI M. NAGARA SALEMAPUR",494,432,0,926,307,237,0,544,433,0,22,29,2,70,119,278,0,3,5,1,4,11,544
214,MUDASRAKTA,600,530,0,1130,405,314,0,719,718,0,3,110,1,244,271,88,1,0,0,1,0,0,719
215,AMILIYA,391,320,0,711,301,213,0,514,511,0,14,116,1,102,220,54,1,0,0,0,1,5,514
216,KUNVARAPURAMAFI,257,213,0,470,243,182,0,425,424,0,1,12,2,104,287,13,0,0,1,0,2,3,425
217,KORAIYA,693,602,0,1295,410,312,0,722,716,0,16,82,1,229,291,84,0,3,1,5,2,8,722
218,AHAMDANGAR,677,550,0,1227,460,280,0,740,740,0,7,139,2,188,327,62,0,3,1,1,2,8,740
219,AHAMDANGAR,613,481,0,1094,465,303,0,768,768,0,10,83,1,295,306,51,3,2,1,1,8,7,768
220,AHAMDANGAR,514,452,0,966,389,293,0,682,682,0,5,16,1,291,329,23,3,2,1,1,2,8,682
221,KHOKHAY,338,263,0,601,250,172,0,422,393,0,2,76,1,174,159,3,1,1,0,1,2,2,422
222,BEHADAMULTAN,636,553,0,1189,446,298,0,744,730,0,9,194,0,364,156,12,0,1,1,0,2,5,744
223,PARELI,817,699,0,1516,590,448,0,1038,1038,0,12,272,1,441,236,57,4,2,2,3,1,7,1038
224,PARELI,777,690,0,1467,520,352,0,872,872,0,13,358,1,270,201,13,3,3,1,2,0,7,872
225,"MAHESHAPUR.M.JANGAL N0. 13",621,529,0,1150,480,310,0,790,775,0,7,51,2,338,349,25,1,2,0,0,3,12,790
226,"GANESHPUR M.SHITLAPUR GRANT",837,702,0,1539,608,415,0,1023,1023,0,17,124,1,159,338,369,1,1,1,0,4,8,1023
227,"GORIGANJ M. SHITLAPUR GRANT",236,212,0,448,190,178,0,368,363,0,1,6,0,5,353,2,1,0,0,0,0,0,368
228,"ASHRFIGANJ M. SHITLAPUR GRANT",811,654,0,1465,551,275,0,826,825,0,4,229,1,322,251,6,2,0,0,1,0,10,826
229,MAMRI,798,711,0,1509,576,472,0,1048,986,0,8,236,5,426,278,66,3,3,3,2,4,14,1048
230,MAMRI,734,589,0,1323,482,290,0,772,763,0,11,193,1,265,221,63,2,0,5,0,1,10,772
231,GOVINDAPUR,212,202,0,414,169,138,0,307,304,0,2,136,0,112,47,4,1,0,0,0,0,5,307
232,DHIRAVAN,714,620,0,1334,511,405,0,916,910,0,27,157,3,151,247,323,2,2,2,0,0,2,916
233,BELVA,762,662,0,1424,463,430,0,893,887,0,5,341,1,226,261,13,5,3,1,22,2,13,893
234,"MUDABHAI M. BELVA",610,536,1,1147,468,393,0,861,861,0,13,151,1,435,222,20,1,0,3,3,6,6,861
235,BAIDAKHEDA,444,409,0,853,337,260,0,597,592,0,5,87,0,267,182,52,0,1,0,0,1,2,597
236,RASULAPUR,228,206,0,434,177,178,0,355,355,0,4,39,0,18,244,32,9,1,0,1,2,5,355
237,KOTAVARA,556,461,0,1017,380,269,0,649,649,0,15,108,1,115,226,168,2,1,0,0,6,7,649
238,KOTAVARA,494,450,0,944,288,201,0,489,489,0,15,78,1,49,77,253,1,0,1,1,1,12,489
239,"VISHNUBEHAD M. NIJAMPUR",756,685,0,1441,523,364,0,887,887,0,7,187,5,226,364,79,5,3,1,2,3,5,887
240,GHARTHANIYAN,677,600,0,1277,465,318,0,783,777,0,4,197,0,184,282,112,0,1,0,2,1,0,783
241,GHARTHANIYAN,503,417,0,920,346,245,0,591,588,0,8,45,0,280,135,103,0,1,0,4,5,10,591
242,MUDAVISHNU,384,350,0,734,281,229,0,510,487,0,6,148,0,113,126,107,1,0,1,0,2,6,510
243,MUGALAKHEDA,211,160,0,371,177,122,0,299,285,0,2,94,0,117,79,3,0,0,1,0,0,3,299
244,"MUDAASSI M. MUDAJAVAHAR",600,541,0,1141,472,381,0,853,753,0,10,206,5,210,362,43,4,0,0,1,5,7,853
245,MUDAJAVAHAR,334,303,0,637,282,234,0,516,516,0,0,49,1,120,335,4,1,0,0,0,2,4,516
246,KOTAKHERVA,376,378,0,754,307,255,0,562,562,0,5,137,0,113,286,3,3,0,1,1,3,10,562
247,DEVKALI,504,439,1,944,421,308,0,729,729,0,1,227,3,162,310,12,0,1,1,1,5,6,729
248,MADARPURBASHI,261,257,0,518,218,188,0,406,406,0,2,106,4,42,213,17,2,2,1,2,6,9,406
249,BASAGANVA,347,338,0,685,289,280,0,569,558,0,1,31,1,154,363,12,1,0,1,2,2,1,569
250,KAPRAHA,454,393,0,847,288,188,0,476,476,0,2,37,0,202,199,23,4,2,2,2,1,2,476
251,KAPRAHA,399,357,0,756,221,184,0,405,405,0,8,57,0,129,111,97,0,0,0,0,1,2,405
252,BELAHARI,595,456,0,1051,390,271,0,661,661,0,16,185,1,47,101,296,1,1,3,2,1,7,661
253,BELAHARI,449,436,0,885,327,271,0,598,591,0,4,167,0,219,172,31,1,0,3,1,0,0,598
254,BELABOJHI,274,266,0,540,240,223,0,463,460,0,1,146,0,227,64,20,1,0,1,1,0,2,463
255,PIPRA,239,231,0,470,207,108,0,315,315,0,5,38,0,27,177,59,3,1,0,0,3,2,315
256,RAYAPUR,780,664,0,1444,532,336,0,868,859,0,44,218,2,18,89,487,0,0,3,0,2,5,868
257,RAYAPUR,567,486,2,1055,407,304,0,711,704,0,23,92,4,165,67,344,2,0,4,2,4,4,711
258,AHIRI,287,283,0,570,239,212,0,451,451,0,3,83,0,193,92,66,1,0,1,8,2,2,451
259,ROSHNANGAR,715,650,0,1365,556,457,0,1013,1013,0,21,98,3,279,367,221,2,2,9,1,2,8,1013
260,BILOCHAPUR,222,210,0,432,188,173,0,361,361,0,3,15,1,44,259,26,3,0,2,1,1,6,361
261,GHUNSI,529,416,0,945,377,257,0,634,634,0,10,70,5,197,241,103,3,1,3,0,1,0,634
262,MUDAPASI,188,172,0,360,156,108,0,264,264,0,2,161,0,71,13,17,0,0,0,0,0,0,264
263,DHUMARADIH,236,207,0,443,216,152,0,368,368,0,1,253,0,47,63,1,0,0,0,1,0,2,368
264,SIKANDRABAD,796,678,0,1474,523,391,0,914,914,0,17,195,0,250,247,195,2,3,2,0,1,2,914
265,SIKANDRABAD,847,658,0,1505,462,257,0,719,712,0,7,83,0,282,184,157,0,2,0,0,1,3,719
266,SIKANDRABAD,512,395,0,907,345,217,0,562,559,0,2,63,4,128,310,44,2,0,1,1,2,5,562
267,MUDADIKSHIT,268,234,0,502,215,172,0,387,387,0,1,71,3,86,211,10,0,0,0,1,0,4,387
268,TENDUAI,649,588,0,1237,486,356,0,842,842,0,8,142,2,138,503,26,2,1,0,5,4,11,842
269,KAIMAHARA,203,200,1,404,178,146,0,324,322,0,0,68,1,96,147,6,2,0,0,2,1,1,324
270,JADAURA,554,481,0,1035,417,323,0,740,740,0,2,236,0,141,337,19,0,1,0,2,0,2,740
271,BAGHMARA,344,341,0,685,271,248,0,519,519,0,5,232,3,89,174,5,0,0,2,0,2,7,519
272,CHHICHHAUNA,477,428,0,905,360,276,0,636,636,0,4,117,0,206,282,23,2,0,1,0,0,1,636
273,CHHICHHAUNA,458,394,0,852,322,219,0,541,541,0,5,50,1,139,253,87,1,1,0,0,2,2,541
274,KAJRAKORI,357,325,0,682,274,222,0,496,496,0,0,237,1,44,184,25,1,0,0,1,0,3,496
275,ALLIPUR,690,525,0,1215,439,274,0,713,713,0,11,37,1,396,124,123,1,1,3,2,4,10,713
276,ALLIPUR,426,355,0,781,291,204,0,495,495,0,2,16,0,204,223,40,1,1,1,3,0,4,495
277,CHANDAMAU,474,410,0,884,345,288,0,633,631,0,8,125,1,136,289,56,1,0,1,1,0,15,633
278,MADHIYA,760,651,0,1411,595,335,0,930,925,0,8,118,1,264,514,19,1,0,0,1,1,3,930
279,RAMAKHEDA,271,232,0,503,239,179,0,418,410,0,6,93,2,158,146,6,1,0,2,0,1,3,418
280,CHATHIYAMDANI,437,387,0,824,337,182,0,519,519,0,6,87,1,126,253,36,0,0,0,0,4,6,519
281,RAINAKHEDA,256,215,0,471,202,184,0,386,380,0,3,80,0,69,222,2,2,1,1,1,2,3,386
282,MOHAMMADABAD,759,663,0,1422,541,408,0,949,949,0,8,87,5,239,533,37,3,1,5,2,9,20,949
283,MOHAMMADABAD,758,667,0,1425,469,360,0,829,828,0,7,58,4,244,467,24,6,3,4,4,3,5,829
284,"RAYAPUR GRANT",611,537,0,1148,503,357,0,860,860,0,2,18,3,164,640,10,1,1,0,1,5,15,860
285,"LANDANAPUR GRANT.M.RAYAPUR GRANT",374,330,0,704,286,221,0,507,507,0,7,181,0,34,262,11,0,1,2,0,4,5,507
286,"KOJAILI.M. MIRJAPUR GRANT",469,410,0,879,339,248,0,587,563,0,6,51,2,159,346,8,1,2,1,0,4,7,587
287,"KOJAILI.M. MIRJAPUR GRANT",493,429,0,922,338,294,0,632,632,0,0,31,0,152,436,5,0,1,0,0,1,6,632
288,BAGHA,263,237,0,500,211,159,0,370,370,0,2,113,0,160,64,28,2,0,0,0,0,1,370
289,PARASEHARA,354,325,0,679,314,240,0,554,554,0,2,220,2,161,83,82,0,0,0,0,1,3,554
290,SHAHABUDDINAPUR,764,679,0,1443,520,388,0,908,896,0,7,250,4,176,402,37,5,1,1,0,4,21,908
291,AJAN,536,477,0,1013,417,304,0,721,721,0,7,170,2,272,214,32,6,3,1,0,4,10,721
292,AJAN,516,453,0,969,423,313,0,736,736,0,6,225,0,277,128,81,3,0,1,2,1,12,736
293,KIRATAPUR,332,307,0,639,262,222,0,484,484,0,3,245,0,117,106,11,0,0,1,1,0,0,484
294,MAJHIGAVAN,499,442,0,941,358,285,0,643,643,0,9,54,1,132,152,280,6,1,0,0,2,6,643
295,HAIDARABAD,594,518,0,1112,445,328,0,773,773,0,17,54,6,273,267,142,4,1,2,1,2,4,773
296,HAIDARABAD,366,350,0,716,278,221,0,499,499,0,19,70,1,97,79,221,0,2,2,2,0,6,499
297,HAIDARABAD,615,522,0,1137,408,339,0,747,741,0,32,40,5,57,205,399,1,1,3,1,1,2,747
298,KHARAGAPUR,413,356,0,769,281,228,0,509,505,0,8,138,2,260,68,26,1,0,1,3,0,2,509
299,DEVVAPUR,493,393,0,886,399,297,0,696,696,0,2,164,2,108,391,24,2,1,0,0,0,2,696
300,SUHELA,496,430,0,926,347,248,0,595,593,0,5,149,1,300,120,6,0,2,0,0,1,11,595
301,SUHELA,405,355,0,760,277,200,0,477,477,0,3,84,1,157,201,20,0,0,0,1,2,8,477
302,"JHAUPUR M.LANDANAPUR GRANT",660,605,0,1265,484,372,0,856,841,0,6,250,1,204,362,9,6,2,1,0,3,12,856
303,"JHAUPUR M.LANDANAPUR GRANT",405,344,0,749,300,208,0,508,505,0,4,50,3,83,348,5,1,0,0,1,7,6,508
304,"JHAUPUR M.LANDANAPUR GRANT",511,433,0,944,375,307,0,682,682,0,2,30,6,106,499,22,1,0,0,0,6,10,682
305,"JHAUPUR M.LANDANAPUR GRANT",454,400,0,854,325,249,0,574,553,0,5,26,2,137,383,6,1,2,1,0,5,6,574
306,"JHAUPUR M.LANDANAPUR GRANT",504,434,0,938,337,217,0,554,530,0,3,47,1,110,359,17,5,1,1,1,2,7,554
307,"NAYA GAWAN M.LANDANAPUR GRANT",582,486,0,1068,429,304,0,733,733,0,26,67,1,90,234,292,2,4,11,0,2,4,733
308,"JHAUPUR .M.LANDANAPUR GRANT",537,464,0,1001,376,246,0,622,622,0,1,90,3,125,372,11,2,0,3,1,2,12,622
309,"BABAGANJ .M.LANDANAPUR GRANT",340,327,0,667,269,239,0,508,508,0,2,139,0,126,212,18,1,1,2,3,2,2,508
310,"NANGAPUR .M.LANDANAPUR GRANT",415,371,0,786,321,232,0,553,553,553,1,228,1,140,166,12,0,1,0,0,0,4,553
311,"BAHAVANIGANJ .M.LANDANAPUR GRANT",681,537,2,1220,450,332,0,782,759,0,7,70,0,226,463,3,0,0,0,1,6,6,782
312,"BAHAVANIGANJ .M.LANDANAPUR GRANT",787,613,1,1401,563,374,0,937,937,0,6,112,3,383,398,7,2,2,3,1,7,13,937
313,"ASHRAFNAGAR GRANT",419,388,0,807,260,210,0,470,470,0,4,102,1,151,192,16,0,0,1,2,1,0,470
314,DEVARIYA,507,403,0,910,390,312,0,702,702,0,28,282,0,4,118,263,1,2,1,2,0,1,702
315,UMARIYA,577,483,0,1060,483,295,0,778,778,0,10,180,3,382,92,96,1,0,2,1,4,7,778
316,PARSAPUR,433,356,0,789,347,275,0,622,621,0,10,279,1,233,78,10,1,0,3,0,1,6,622
317,"MATHNA M.PARSAPUR",332,275,0,607,252,196,0,448,402,0,21,59,0,24,78,257,3,0,0,2,1,3,448
318,KUMBHI,423,382,0,805,320,254,0,574,574,0,7,47,3,275,209,17,2,2,2,1,3,6,574
319,KUMBHI,427,352,0,779,271,192,0,463,463,0,9,41,2,109,270,15,1,2,0,0,1,13,463
320,KUMBHI,835,633,0,1468,402,383,0,785,775,0,6,56,2,350,320,23,1,0,1,1,6,19,785
321,"GANGAPUR GRANT",606,478,0,1084,441,319,0,760,760,0,11,87,1,282,335,27,3,1,1,1,1,10,760
322,"HARINGAR GRANT",744,664,0,1408,556,475,0,1031,1031,0,10,315,1,325,350,16,2,2,3,1,2,4,1031
323,"MOINUDDINPUR .M.MUDAKHALSA",590,420,0,1010,447,294,0,741,741,0,9,281,0,225,195,16,2,0,1,2,3,7,741
324,"TELKAPUR .M.MUDAMAFI",284,249,0,533,258,183,0,441,441,0,1,27,0,113,287,5,0,0,3,1,0,4,441
325,NARAYNAPUR,279,248,0,527,220,211,0,431,427,0,2,122,1,90,191,9,3,1,1,0,2,9,431
326,MUKADDARNAGAR,222,206,0,428,190,175,0,365,365,0,1,13,1,21,318,9,0,0,0,2,0,0,365
327,HAKIMAPUR,308,260,0,568,254,203,0,457,457,0,4,132,4,50,251,8,0,0,2,0,0,6,457
328,GAFFARNAGAR,375,308,0,683,4,1,0,5,5,0,0,0,0,1,4,0,0,0,0,0,0,0,5
329,SISOKAN,660,574,0,1234,494,374,0,868,868,0,6,412,1,133,279,10,1,1,1,1,2,21,868
330,MADHIYA,389,326,0,715,293,243,0,536,536,0,1,285,2,61,165,12,2,1,0,2,2,3,536
331,"CHATURI .M. BAHADURGANJ",521,435,0,956,401,268,0,669,669,0,5,263,1,31,297,58,0,2,2,2,3,5,669
332,"CHATURI .M. BAHADURGANJ",408,363,0,771,335,243,0,578,578,0,3,153,0,15,252,147,1,0,0,3,3,1,578
333,BASTAULI,535,492,1,1028,396,342,0,738,738,0,12,41,0,528,95,40,0,2,3,0,2,15,738
334,BASTAULI,317,284,0,601,252,199,0,451,451,0,15,40,1,86,215,82,0,1,1,0,5,5,451
335,AMIRNAGAR,833,691,0,1524,613,501,0,1114,1114,0,15,134,1,399,268,292,0,1,1,1,0,2,1114
336,AMIRNAGAR,701,515,0,1216,528,387,0,915,915,0,16,347,4,174,149,212,2,0,3,1,2,5,915
337,AMIRNAGAR,473,399,0,872,310,272,0,582,582,0,10,160,0,12,189,201,0,1,2,1,1,5,582
338,AMIRNAGAR,578,461,1,1040,398,271,0,669,669,0,12,155,1,17,333,144,2,0,1,1,0,3,669
339,RASULAPUR,639,585,0,1224,457,492,0,949,949,0,16,357,0,46,287,223,1,2,1,1,3,12,949
340,RASULAPUR,865,713,0,1578,555,428,0,983,983,0,15,234,3,22,412,279,2,5,1,1,3,6,983
341,RAJGADH,480,422,0,902,379,306,0,685,685,0,8,75,1,272,274,33,5,0,1,2,1,13,685
342,RAJGADH,509,449,0,958,391,314,0,705,705,0,6,80,1,131,444,34,1,0,0,1,0,7,705
343,"VEERPUR .M. PARASAN",552,482,0,1034,493,340,0,833,833,0,9,282,1,374,155,10,0,0,2,0,0,0,833
344,LAKHAHA.M.PARASAN,364,343,0,707,264,216,0,480,465,0,4,148,2,54,225,22,0,2,7,2,7,7,480
345,GARDAHA,665,566,1,1232,402,340,0,742,742,0,20,210,3,9,297,186,5,1,2,1,2,6,742
346,GARDAHA,691,549,0,1240,426,348,0,774,774,0,11,224,3,77,335,111,2,1,1,2,1,6,774
347,BADHAIYAKHEDA,248,239,0,487,170,164,0,334,334,0,1,147,2,22,145,6,0,1,0,1,3,6,334
348,HAJRATAPUR,671,577,0,1248,391,439,0,830,829,0,1,138,0,133,538,6,1,0,0,4,2,7,830
349,MAGADAPUR,659,527,0,1186,521,398,0,919,919,0,5,185,1,228,465,18,1,0,3,1,5,7,919
350,MAGADAPUR,373,348,0,721,263,223,0,486,486,0,3,234,1,65,162,6,1,2,0,1,4,7,486
351,RAJAVAPUR,325,232,0,557,282,169,0,451,451,0,2,300,1,43,88,7,2,1,1,0,0,6,451
352,"PIPAR.M. SAIDAPUR",539,473,0,1012,392,358,0,750,750,0,7,122,2,246,327,26,1,2,3,0,3,11,750
353,KANDHARAPUR,705,613,0,1318,438,477,0,915,915,0,16,21,1,668,98,98,0,3,1,1,0,8,915
354,BAGGHUN,541,446,0,987,402,310,0,712,712,0,5,340,1,207,134,12,5,2,0,0,1,5,712
355,"SARAINYA VILIYAM",433,352,0,785,348,229,0,577,576,0,12,118,3,183,230,18,4,1,1,1,1,5,577
356,"SARAINYA VILIYAM",432,389,0,821,280,244,0,524,524,0,6,137,1,164,173,36,0,0,0,1,1,5,524
